x_test	y_true	y_pred
0.10000	0.39950	0.94989
0.20000	0.79601	0.64091
0.45000	1.75490	0.90834
0.60000	2.29393	1.50255
0.85000	3.10384	2.76830
0.95000	3.39025	3.28586
1.15000	3.88829	4.22985
1.20000	3.99612	4.43695
1.30000	4.19067	4.80812
1.45000	4.42814	5.24658
1.50000	4.49248	5.35944
1.60000	4.59872	5.53432
1.65000	4.64060	5.59646
1.80000	4.72154	5.68441
1.90000	4.73890	5.66502
2.00000	4.72789	5.58824
2.05000	4.71209	5.52993
2.10000	4.68963	5.45930
2.15000	4.66070	5.37710
2.20000	4.62549	5.28409
2.25000	4.58422	5.18109
2.95000	3.52127	3.15082
3.00000	3.42336	2.99562
3.15000	3.12478	2.54759
3.25000	2.92541	2.26944
3.30000	2.82676	2.13814
3.35000	2.72929	2.01266
3.60000	2.27244	1.48699
3.75000	2.03532	1.26487
3.85000	1.89812	1.15971
3.90000	1.83670	1.12048
4.25000	1.56503	1.10109
4.30000	1.55150	1.13465
4.50000	1.56741	1.35618
4.65000	1.65584	1.60920
5.00000	2.12323	2.45110
5.10000	2.32256	2.74598
5.15000	2.43270	2.90088
5.30000	2.80320	3.39130
5.35000	2.93944	3.56219
5.60000	3.70620	4.45634
5.65000	3.87485	4.64064
6.25000	6.15046	6.83653
6.30000	6.35044	7.00885
6.35000	6.55029	7.17822
6.40000	6.74965	7.34442
6.45000	6.94813	7.50721
6.70000	7.91455	8.26275
6.85000	8.46084	8.66297
7.10000	9.28691	9.22981
7.20000	9.58100	9.41945
7.25000	9.71924	9.50610
7.40000	10.09612	9.73320
7.50000	10.31400	9.85725
7.55000	10.41246	9.91115
7.60000	10.50376	9.95969
7.95000	10.93618	10.15558
8.20000	11.02219	10.15530
8.25000	11.01781	10.14301
8.45000	10.93273	10.05861
8.50000	10.89546	10.02963
8.55000	10.85220	9.99788
8.70000	10.68891	9.88800
9.00000	10.23636	9.62116
9.05000	10.14820	9.57305
9.25000	9.77167	9.37810
9.35000	9.57412	9.28204
9.40000	9.47433	9.23509
9.45000	9.37434	9.18912
9.65000	8.98003	9.01897
9.95000	8.44578	8.82472
10.05000	8.29417	8.78144
10.35000	7.95374	8.73107
10.40000	7.91652	8.73540
10.45000	7.88551	8.74360
10.50000	7.86091	8.75575
10.65000	7.82736	8.81642
10.70000	7.83009	8.84487
10.75000	7.84001	8.87751
10.85000	7.88173	8.95536
10.90000	7.91369	9.00061
11.00000	8.00003	9.10371
11.05000	8.05444	9.16154
11.10000	8.11634	9.22351
11.15000	8.18570	9.28959
11.20000	8.26247	9.35973
11.25000	8.34658	9.43389
11.45000	8.75446	9.76934
11.65000	9.26981	10.16283
11.80000	9.71942	10.49200
11.90000	10.04559	10.72578
12.15000	10.93667	11.35195
12.30000	11.51030	11.74990
12.35000	11.70594	11.88525
12.40000	11.90319	12.02164
12.95000	14.07287	13.53906
13.05000	14.44499	13.80714
13.10000	14.62598	13.93900
13.25000	15.14483	14.32381
13.40000	15.62113	14.68898
13.45000	15.76914	14.80560
13.55000	16.04754	15.03029
13.65000	16.30099	15.24267
13.70000	16.41786	15.34392
13.75000	16.52795	15.44172
13.95000	16.89761	15.79623
14.05000	17.03861	15.95017
14.10000	17.09793	16.02104
14.15000	17.14975	16.08775
14.30000	17.26032	16.26249
14.35000	17.28231	16.31214
14.45000	17.30440	16.39842
14.55000	17.29796	16.46731
14.80000	17.16476	16.56431
14.85000	17.11954	16.57113
14.95000	17.01233	16.57266
15.05000	16.88452	16.55862
15.50000	16.11940	16.32654
16.00000	15.13629	15.84681
16.10000	14.95379	15.73875
16.25000	14.70235	15.57722
16.45000	14.42263	15.37248
16.55000	14.31200	15.27882
16.60000	14.26494	15.23498
16.65000	14.22373	15.19342
16.75000	14.15970	15.11806
16.80000	14.13730	15.08470
16.95000	14.11067	15.00444
17.00000	14.11581	14.98498
17.10000	14.14780	14.95815
17.15000	14.17483	14.95116
17.35000	14.35761	14.96994
17.50000	14.57312	15.03725
17.75000	15.07698	15.26022
18.00000	15.74704	15.62927
18.05000	15.89886	15.72090
18.15000	16.21837	15.92188
18.20000	16.38550	16.03113
18.25000	16.55717	16.14613
18.55000	17.66471	16.95131
18.65000	18.05530	17.26029
18.70000	18.25300	17.42162
18.75000	18.45183	17.58722
18.80000	18.65139	17.75687
18.95000	19.25083	18.28769
19.05000	19.64731	18.65708
19.10000	19.84350	18.84557
19.15000	20.03783	19.03616
19.35000	20.78945	19.81298
19.55000	21.48367	20.59584
19.75000	22.10081	21.36046
19.80000	22.24102	21.54579
19.85000	22.37513	21.72799
19.90000	22.50293	21.90666
19.95000	22.62423	22.08138
20.00000	22.73884	22.25176
20.20000	23.12746	22.88202
20.25000	23.20658	23.02485
20.30000	23.27830	23.16104
20.35000	23.34258	23.29025
20.50000	23.49049	23.63263
20.60000	23.55172	23.82009
20.75000	23.58847	24.03466
21.10000	23.43338	24.19781
21.30000	23.21227	24.07005
21.45000	22.99536	23.87090
21.50000	22.91492	23.78575
21.60000	22.74375	23.58892
21.65000	22.65371	23.47790
21.75000	22.46645	23.23261
21.85000	22.27204	22.95938
21.90000	22.17307	22.81358
21.95000	22.07341	22.66245
22.00000	21.97345	22.50658
22.05000	21.87355	22.34666
22.25000	21.48209	21.68089
22.40000	21.20733	21.17650
22.60000	20.88422	20.54242
22.65000	20.81337	20.39703
22.75000	20.68573	20.12878
22.85000	20.57872	19.89700
22.90000	20.53361	19.79716
22.95000	20.49440	19.70926
23.15000	20.40097	19.49413
23.20000	20.39437	19.47834
23.35000	20.41713	19.53223
23.45000	20.46878	19.65667
23.50000	20.50575	19.74610
23.55000	20.55021	19.85366
23.90000	21.06980	21.07319
24.10000	21.52388	22.02997
24.15000	21.65394	22.27755
24.20000	21.79023	22.52203
24.25000	21.93255	22.75949
24.50000	22.72593	23.67045
24.70000	23.44192	23.68335
24.75000	23.62961	23.51920
24.80000	23.82009	23.26780
24.85000	24.01303	22.91754
24.90000	24.20806	22.45594
